1398.32
1439.10
4949.10
2705.18
1530.00
1876.89
884.78
2487.82
1311.18
2513.49
284.45
1682.75
152.91
1915.38
2519.10
2174.59
2600.15
1231.12
968.15
1196.38
1360.38
2459.18
1442.38
2789.10
2487.82
213.75
2013.67
22950.00
1655.20
1484.10
1569.00
194.96
5613.40
1745.50
3519.99
284.45
1915.38
1574.10
2837.77
157.79
2885.11
213.75
1098.24
1196.38
1360.38
2459.18
1990.95
2529.99
1439.10
2174.59
1619.10
1538.10
1191.04
3233.26
2059.63
2519.10
213.84
1142.24
1442.38
1310.00
1659.63
1529.90
1011.91
1319.19
165.61
213.84
1459.00
220.21
227.49
1248.20
1256.53
1574.10
1253.97
1185.54
1362.06
227.49
213.75
1291.16
170.91
1412.10
1299.41
1324.06
213.84
170.91
170.91
123.16
170.91
213.84
1347.14
227.40
1372.70
1380.12
1377.65
1395.05
211.41
177.45
1406.51
1429.59
189.81
1451.12
1451.03
1448.56
1455.98
1452.68
1470.90
1467.52
1469.17
1486.57
194.96
1481.54
1486.48
1244.91
1492.34
1498.03
1507.92
1539.34
1523.59
1521.20
1524.50
1806.39
1528.53
1532.66
1537.60
1558.22
1545.93
1556.57
1559.12
1565.72
1552.44
1568.93
1563.16
1587.16
1561.51
1587.90
1587.90
1578.00
1648.17
1589.55
1594.49
1452.76
1598.62
1598.62
1598.70
1605.21
1621.79
1607.69
1632.42
1636.63
1638.19
1639.02
1229.18
1653.03
1319.90
1691.86
1459.00
1661.36
1654.77
1649.00
1653.03
1685.19
1663.01
1662.10
1664.58
1310.00
1671.17
1672.91
1677.03
1678.68
1740.51
1743.81
1687.66
2729.74
1687.66
1697.56
1722.38
1702.50
1703.41
1711.66
1717.43
1714.96
1737.96
1719.90
1723.94
1728.15
1737.13
1755.36
1737.22
1786.69
1747.03
1745.46
127.18
1747.94
1747.11
1760.30
1754.53
1753.71
1753.62
1763.60
1770.20
1770.11
1782.48
1787.51
1786.69
1951.59
1792.37
1831.21
1795.76
1800.62
1960.66
1802.35
1802.35
1700.00
1800.62
1802.35
1803.09
1797.32
1806.39
1815.46
1812.16
1821.32
1818.84
1820.41
1822.88
1822.14
1824.53
1823.79
1824.53
1833.60
1845.97
1839.37
1839.37
1836.98
1839.37
1859.24
1851.00
1221.44
1869.14
1867.40
1871.53
1869.14
1869.05
1876.47
1878.95
1883.07
1888.10
1888.02
1886.37
1887.28
1892.14
1168.64
1905.41
1902.94
1902.86
1907.89
1909.54
1930.97
1908.63
1911.10
1924.38
1916.05
1699.00
1918.52
1928.42
1933.36
1927.68
1932.54
1932.54
1935.01
1977.06
1952.33
1943.34
1939.13
1945.82
1952.33
1951.59
1953.24
1955.62
1583.12
1971.37
1295.10
1965.52
1969.73
1974.67
1977.06
1972.11
1972.11
1975.50
1974.59
1977.89
1984.48
1984.48
1991.16
1988.60
1991.90
1998.50
1996.02
1996.02
1998.50
2002.71
2010.87
2011.78
2015.90
2019.20
1142.24
2019.94
2024.06
2024.97
2034.86
2041.46
2029.00
2036.43
2035.69
2047.97
2051.35
2265.72
2049.62
2048.88
2052.18
2054.56
2057.04
2054.56
2057.86
2061.98
2057.12
2067.02
1231.12
2060.34
2062.07
2065.37
2062.89
2109.89
2083.51
2071.88
2080.21
2080.95
1509.57
2076.83
2085.90
2083.51
2087.54
2092.49
2180.80
2095.79
2099.91
2097.44
2099.91
2099.91
2107.42
2106.51
2104.86
2116.49
2118.05
2118.14
2123.82
2123.00
2123.91
2130.42
2137.10
1231.12
2129.59
2134.54
2134.63
2137.01
2144.43
2148.56
2146.08
2160.19
2162.57
2165.87
2163.40
2169.99
2167.52
2184.10
2173.29
2179.89
2174.20
2189.87
2184.01
2185.74
2185.74
2187.39
2190.69
2208.01
2198.85
2198.85
2217.08
2201.33
2202.97
2203.88
2206.27
2205.45
2210.39
2223.67
2231.01
2229.36
2235.21
2249.23
2245.11
2243.37
2244.28
2327.56
2245.93
2245.85
2250.80
2262.34
2253.27
2255.00
2263.25
1291.16
2262.34
1521.52
2430.62
2267.29
1099.91
2281.39
2269.76
2385.27
2306.86
2282.95
2286.25
2317.66
2299.44
227.49
2299.44
2295.40
2391.05
2304.39
2152.76
2363.84
2306.04
2312.72
2310.98
2226.15
2315.93
2320.05
2328.30
2363.84
2323.35
2326.73
227.49
2329.95
2330.77
2331.68
1399.99
2339.02
2349.00
1054.24
2339.02
2345.70
2344.87
2346.44
2369.61
2351.38
2356.42
2381.98
2353.29
2355.51
2357.98
2358.80
2361.28
2362.93
1363.12
2375.29
2377.03
2419.08
2400.11
2428.15
2419.08
2406.71
1406.24
2400.03
2420.73
2414.96
2412.48
2428.15
2413.31
2421.47
2455.36
2438.78
2438.78
2875.54
2482.56
1300.64
2456.92
2460.30
2459.48
1186.24
2468.46
1575.27
2475.88
1254.06
1495.12
1453.58
2484.21
1212.64
2488.25
1203.68
2789.10
1279.53
2509.94
2522.97
2512.25
2537.81
2519.67
1282.92
2532.86
2565.01
2583.98
2540.19
1388.64
2544.32
2551.00
1307.65
2560.07
1329.91
1328.26
1326.62
2574.91
2578.21
2602.12
2596.35
2588.93
1338.07
1486.32
1359.60
1356.21
1366.19
1466.98
2633.45
1385.07
2642.52
1392.49
1391.67
1574.79
2678.80
1600.34
2816.49
1615.19
2660.66
2660.66
1417.23
1419.78
2697.76
2678.80
1424.65
2689.43
2682.83
1436.19
2715.90
1448.56
2546.88
1469.17
1476.59
1480.80
1478.24
2734.04
2780.21
1505.53
1483.19
2743.11
1493.08
1493.08
1672.08
1511.30
2758.69
1519.46
1530.27
1523.67
1537.60
1626.73
1524.41
2843.70
1533.48
1652.64
1550.88
1563.99
2807.42
2816.49
1551.62
1553.35
2816.49
3146.29
1572.32
1996.93
2880.80
1577.26
1577.18
1585.42
1582.13
1596.14
1585.42
1608.59
2981.39
1591.28
1594.49
1612.72
1601.09
1096.41
1608.51
1630.03
1612.72
1608.59
1621.70
1630.86
1630.86
2227.61
1639.02
1643.14
1681.07
1648.91
1650.56
1654.68
1721.47
1657.98
1663.01
1439.90
1686.10
1549.00
1671.17
1672.00
1676.94
1692.61
1686.92
1389.52
1693.52
1690.14
1693.43
1554.65
1704.15
1697.64
1708.36
1908.71
1697.56
1700.03
1709.10
1707.45
1713.31
1934.24
1711.66
1714.13
1713.31
3536.10
1714.05
1722.38
1730.62
1730.54
1738.04
1733.09
1735.48
1751.15
1757.00
200.20
1759.39
1699.00
1767.72
1768.46
1765.25
1765.25
1766.90
1770.11
1775.88
1775.88
1778.36
1783.39
1786.69
1782.48
1786.69
1787.43
1789.90
1791.55
1791.63
1794.11
946.34
1800.70
2084.33
1813.90
1814.63
1815.46
1814.63
1822.88
1817.11
1822.88
1822.96
1832.86
1827.09
1828.65
1827.00
1829.48
1832.86
1836.90
1883.89
1843.49
1951.59
1858.42
1852.56
1855.94
1855.86
1859.98
1864.10
1864.19
1866.58
1869.14
1874.91
1874.08
1872.43
1875.65
1876.56
1878.12
1891.40
1881.42
1883.89
1886.37
1895.52
1892.96
1888.84
1926.03
1893.87
1892.96
1893.87
1900.38
1895.52
1897.08
2049.52
1901.29
1905.41
1899.56
1902.94
1902.86
1919.43
1908.63
1909.45
1912.84
1909.45
1912.84
1916.05
1942.52
1921.00
1919.35
1922.64
1923.47
1933.45
1679.50
1933.45
1930.89
1935.92
1935.01
1935.84
1945.82
1944.17
1944.91
1946.55
1951.50
1952.33
1966.34
1958.10
1955.62
1960.66
1960.57
1963.04
1962.31
1960.66
1961.48
1967.99
1967.99
1969.73
1968.82
1972.94
1975.41
1975.41
1982.09
2211.30
1982.92
1989.43
1986.96
1991.90
1997.76
1989.51
1992.81
1994.46
1994.38
1997.76
2229.44
2010.04
2005.09
2002.71
2003.53
1658.06
2005.09
1568.80
2008.39
2015.81
2020.02
2026.62
2024.97
2024.97
2032.30
1759.48
2030.74
2048.05
2029.91
2031.48
2031.48
2149.34
2110.72
1738.04
2040.55
2041.37
2040.55
2043.85
1799.88
2043.85
2043.93
2055.39
2052.92
2052.09
2052.92
2068.58
2059.60
2078.56
2083.51
2073.53
353.99
2074.35
2076.83
2080.95
979.08
2078.47
2085.07
2085.98
2085.07
2088.45
2086.80
2093.32
2090.84
2097.44
2099.17
2102.39
2101.56
2101.65
2106.51
2102.47
2107.33
2106.59
2109.81
2118.14
2109.81
2118.14
2123.91
2125.47
2124.73
2129.59
2132.15
2137.01
2140.31
2141.96
2141.96
2144.43
2153.50
2155.24
2154.33
2156.80
2156.80
2160.92
2163.48
2171.73
2205.24
2175.03
2169.99
2180.80
2171.73
2173.29
2177.41
2212.13
2244.28
2186.48
2182.36
2186.48
2194.89
2189.87
2192.34
2193.99
2195.55
2208.01
2200.50
2207.92
2211.30
2212.87
2221.20
2217.82
2214.52
2215.43
2221.20
2217.82
2216.99
2222.76
2220.29
2222.76
2226.06
2226.97
2226.88
2230.27
2236.78
2236.78
2234.31
2263.25
2236.78
2240.99
2240.08
2243.37
2247.50
2252.44
2266.55
2259.13
2259.13
2005.43
2256.57
2268.93
2263.25
2290.46
2269.76
2285.51
2299.53
2278.83
2282.21
2282.21
2302.82
2316.02
2287.16
2294.58
2311.81
2307.77
2310.24
2345.70
2321.79
2311.81
2313.46
2319.31
2322.53
2325.91
2363.84
2342.31
2345.70
2346.52
2343.96
2381.98
2351.38
2381.98
2362.93
2367.87
2383.54
3301.76
2374.47
2400.03
2386.10
2385.27
2386.10
2388.49
2404.24
2391.78
2398.47
2410.01
2414.87
2414.87
2424.76
2450.41
2446.29
2431.36
2436.39
2451.97
2455.36
2468.55
2492.46
2471.02
2474.32
2475.88
2477.62
2482.56
2484.95
22950.00
2495.76
2528.74
2528.74
2513.81
2519.67
2517.93
1081.25
2520.41
2527.62
2532.77
2532.86
2531.95
2542.75
2544.32
2602.12
2556.77
2602.12
2560.81
2624.38
2593.79
2606.98
2609.45
2612.75
2651.59
2629.33
2631.80
2625.94
2629.24
1199.00
2666.43
2651.59
2651.59
2666.43
2669.73
2049.18
2669.73
2702.71
2724.97
2701.80
1019.15
2734.04
2736.51
2752.18
2972.32
172.80
2761.25
1399.99
2807.42
2917.08
2825.56
1096.57
2843.70
2908.01
2843.70
2945.11
3045.70
2990.46
2926.15
1850.89
2852.77
1385.90
1263.13
1146.79
1284.48
1293.55
1298.50
1521.20
1699.00
1348.05
1347.97
1499.90
1655.58
1370.23
1380.21
1375.18
1384.33
2049.00
1520.37
1400.74
43.59
1404.12
2299.99
1414.75
1414.84
1430.50
1437.01
1465.96
1573.58
1466.78
1476.59
1554.18
1485.66
1485.66
1486.57
1500.50
1512.04
1515.43
1524.41
1521.94
1531.92
1530.18
1822.14
1547.50
1544.20
1248.72
1560.77
1562.42
1318.24
1569.02
1573.97
1574.71
1585.51
4448.17
1584.60
1606.95
1584.60
1603.65
1604.47
1610.98
1610.16
1615.93
1620.14
1634.15
1631.68
1628.38
1629.95
1417.31
1634.07
954.45
1631.60
1780.09
1229.90
1645.61
1229.90
1859.24
1229.99
1677.03
1661.36
1339.90
1664.58
927.77
1675.38
1681.89
1674.47
1680.33
966.24
1676.20
1683.62
1676.94
1681.07
1690.96
1529.90
1685.19
1690.14
1691.87
1688.57
1695.91
1499.90
1695.17
1695.17
1707.45
1529.90
2796.27
1000.80
3228.69
1706.71
1720.73
1711.66
892.80
1589.88
1724.85
1725.59
1732.18
1043.86
1734.66
1735.57
1740.43
1737.96
1742.08
1747.11
1747.94
933.30
1747.03
1748.67
1750.41
1751.23
1751.15
1763.52
1756.92
1758.65
1761.04
1339.90
1767.64
1770.94
1777.62
1772.59
1545.11
1778.44
1782.48
1784.13
1789.90
1536.88
1789.90
1433.81
1433.81
1849.99
1811.42
1808.04
1229.99
1810.51
1814.72
1244.91
1813.90
1822.88
1819.67
1824.61
1827.00
1899.99
1829.48
2155.78
1834.51
